 <pre>

 Contingency table for Cloud base (m)
 Selection: Ireland     27 stations
Period: 20180601-20180614
Used {00,12} + 01 02 ... 24
 Limits    70.0000000       150.000000       300.000000       600.000000       1000.00000       1500.00000       2500.00000       5000.00000    
 Each class is data <= limit, the very last > last limit
 Total number of values       13899
                                                       OBSERVATION
                                    300       94       46       15        3       13       29       23        0 |       523
                                    107       95       54       26        3        6       16        6        3 |       316
                                    103      127      195      121       25       12       35       17        1 |       636
                                    101      100      311      451      197      103       36       27        3 |      1329
                       RFRMIN1       69      118      185      689      935      401       95       84       16 |      2592
                                     82       44      130      445      867      917      128       71       25 |      2709
                                     39       48       28      146      204      219      127       65       16 |       892
                                     32       20       15       67       49       57       92      165       29 |       526
                                    207      158      171      526      885      992      485      583      369 |      4376

                    SUM            1040      804     1135     2486     3168     2720     1043     1041      462 |     13899
                                                       OBSERVATION
                                    262       90       50       17        5       27       25       22        1 |       499
                                    103       92       74       24        2        4       22        6        0 |       327
                                    107      137      206      121       25       21       29       22        3 |       671
                                    108      127      298      482      212      111       49       42        2 |      1431
                  RFRMIN1_Wopt       72       94      184      705      953      398       89       75       16 |      2586
                                     87       42      112      424      855      857      133       55       28 |      2593
                                     67       37       21      138      174      212      158       59       11 |       877
                                     16       25       17       60       49       61       90      164       24 |       506
                                    218      160      173      515      893     1029      448      596      377 |      4409

                    SUM            1040      804     1135     2486     3168     2720     1043     1041      462 |     13899
                                                       OBSERVATION
                                    292      108       48       20        6       19       31       30        1 |       555
                                    106       96       44       27        6        9       23        3        1 |       315
                                     92      128      223      135       20       16       34       23        2 |       673
                                    111      100      299      511      211      126       43       40        5 |      1446
            RFRMIN1_Wopt_Moist       89      116      196      712     1026      461      101       79       14 |      2794
                                     97       47      113      401      856      912      135       82       38 |      2681
                                     51       46       20      124      173      217      140       67       20 |       858
                                     17       17       11       54       50       61       88      145       18 |       461
                                    185      146      181      502      820      899      448      572      363 |      4116

                    SUM            1040      804     1135     2486     3168     2720     1043     1041      462 |     13899

