 <pre>

 Contingency table for Rh2m (%)
 Selection: ALL    160 stations
Period: 20180601-20180614
Used {12} + 01 02 ... 24
 Limits    30.0000000       50.0000000       65.0000000       75.0000000       85.0000000       95.0000000       100.000000    
 Each class is data <= limit, the very last > last limit
 Total number of values       51985
                                              OBSERVATION
                                      0        0        0        0        0        0        0        0 |         0
                                      2      311      193       26        6        0        0        0 |       538
                                      0      714     3174     1474      342       36        0        0 |      5740
                       RFRMIN1        0       93     2206     4397     2972      619       39        0 |     10326
                                      0       14      514     2494     5989     3961      463        0 |     13435
                                      0        4      112      585     3136     8359     3154        0 |     15350
                                      0        1        8       35      297     2188     3667        0 |      6196
                                      0        0        0        0        0       34      366        0 |       400

                    SUM               2     1137     6207     9011    12742    15197     7689        0 |     51985
                                              OBSERVATION
                                      0        0        1        0        0        0        0        0 |         1
                                      2      211      163       19       10        0        0        0 |       405
                                      0      792     2881     1333      312       27        0        0 |      5345
                  RFRMIN1_Wopt        0      117     2414     4300     2790      584       46        0 |     10251
                                      0       14      618     2673     6065     3906      436        0 |     13712
                                      0        3      121      653     3257     8375     3103        0 |     15512
                                      0        0        9       33      308     2267     3698        0 |      6315
                                      0        0        0        0        0       38      406        0 |       444

                    SUM               2     1137     6207     9011    12742    15197     7689        0 |     51985
                                              OBSERVATION
                                      0        0        1        0        0        0        0        0 |         1
                                      2      259      156       29        6        0        0        0 |       452
                                      0      771     3059     1456      362       40        0        0 |      5688
            RFRMIN1_Wopt_Moist        0       93     2321     4358     2893      616       48        0 |     10329
                                      0       14      553     2543     5973     3949      436        0 |     13468
                                      0        0      110      591     3224     8360     3136        0 |     15421
                                      0        0        7       33      282     2187     3664        0 |      6173
                                      0        0        0        1        2       45      405        0 |       453

                    SUM               2     1137     6207     9011    12742    15197     7689        0 |     51985

