 <pre>

 Contingency table for Low clouds (octas)
 Selection: ALL    144 stations
Period: 20180601-20180614
Used {12} + 01 02 ... 24
 Limits    1.00000000       2.00000000       3.00000000       4.00000000       5.00000000       6.00000000       7.00000000    
 Each class is data <= limit, the very last > last limit
 Total number of values       37085
                                              OBSERVATION
                                   6097     1212     1041      828      784      796     1811     1755 |     14324
                                    234      109      118      111       93       79      254      218 |      1216
                                    140       85       87       56       59       60      156      162 |       805
                       RFRMIN1      121       53       46       56       61       53      149      114 |       653
                                    109       51       63       45       43       48      137      126 |       622
                                    142       58       55       56       59       68      208      157 |       803
                                    239      130      139       96      113      105      352      343 |      1517
                                   1482     1011     1010      916     1041     1188     4088     6409 |     17145

                    SUM            8564     2709     2559     2164     2253     2397     7155     9284 |     37085
                                              OBSERVATION
                                   6111     1228     1057      852      832      786     1860     1716 |     14442
                                    196       81       89       81       71       79      190      215 |      1002
                                    147       66       57       46       52       52      145      132 |       697
                  RFRMIN1_Wopt      112       51       50       42       45       63      129      111 |       603
                                     97       54       68       41       33       49      130      135 |       607
                                    130       82       54       64       73       66      201      180 |       850
                                    246      115      100       97      106       96      325      346 |      1431
                                   1525     1032     1084      941     1041     1206     4175     6449 |     17453

                    SUM            8564     2709     2559     2164     2253     2397     7155     9284 |     37085
                                              OBSERVATION
                                   5959     1154     1016      772      757      752     1762     1684 |     13856
                                    239      106       82       64       61       78      208      202 |      1040
                                    132       65       60       59       57       48      150      133 |       704
            RFRMIN1_Wopt_Moist      107       43       58       49       51       40      124      105 |       577
                                    106       51       59       43       49       54      136      125 |       623
                                    138       63       79       61       60       67      176      188 |       832
                                    274      120      108      125      112      104      348      332 |      1523
                                   1609     1107     1097      991     1106     1254     4251     6515 |     17930

                    SUM            8564     2709     2559     2164     2253     2397     7155     9284 |     37085

