 <pre>

 Contingency table for Rh2m (%)
 Selection: ALL    160 stations
Period: 20180601-20180614
Used {00} + 01 02 ... 24
 Limits    30.0000000       50.0000000       65.0000000       75.0000000       85.0000000       95.0000000       100.000000    
 Each class is data <= limit, the very last > last limit
 Total number of values       51977
                                              OBSERVATION
                                      0        0        0        0        0        0        0        0 |         0
                                      2      273      187       26        4        1        0        0 |       493
                                      0      697     2925     1501      370       44        0        0 |      5537
                       RFRMIN1        0      106     2227     4205     2823      619       28        0 |     10008
                                      0       13      547     2488     5875     3915      447        0 |     13285
                                      0        1      101      540     3036     8272     3425        0 |     15375
                                      0        0       10       53      290     2234     4265        0 |      6852
                                      0        0        0        0        1       29      397        0 |       427

                    SUM               2     1090     5997     8813    12399    15114     8562        0 |     51977
                                              OBSERVATION
                                      0        0        0        0        0        0        0        0 |         0
                                      2      182      154       27        2        1        0        0 |       368
                                      0      761     2636     1303      333       38        1        0 |      5072
                  RFRMIN1_Wopt        0      130     2443     4119     2690      559       30        0 |      9971
                                      0       15      623     2669     5907     3865      430        0 |     13509
                                      0        2      134      631     3146     8357     3458        0 |     15728
                                      0        0        7       64      318     2259     4232        0 |      6880
                                      0        0        0        0        3       35      411        0 |       449

                    SUM               2     1090     5997     8813    12399    15114     8562        0 |     51977
                                              OBSERVATION
                                      0        0        0        0        0        0        0        0 |         0
                                      2      227      181       29        3        0        0        0 |       442
                                      0      743     2801     1437      369       46        1        0 |      5397
            RFRMIN1_Wopt_Moist        0      104     2320     4146     2785      605       30        0 |      9990
                                      0       16      576     2564     5850     3870      460        0 |     13336
                                      0        0      109      594     3057     8230     3372        0 |     15362
                                      0        0       10       42      333     2319     4295        0 |      6999
                                      0        0        0        1        2       44      404        0 |       451

                    SUM               2     1090     5997     8813    12399    15114     8562        0 |     51977

