 <pre>

 Contingency table for Low clouds (octas)
 Selection: ALL    144 stations
Period: 20180601-20180614
Used {00} + 01 02 ... 24
 Limits    1.00000000       2.00000000       3.00000000       4.00000000       5.00000000       6.00000000       7.00000000    
 Each class is data <= limit, the very last > last limit
 Total number of values       36981
                                              OBSERVATION
                                   5959     1151     1008      755      762      729     1754     1768 |     13886
                                    211      101      102       81       97       90      229      207 |      1118
                                    175       68       79       68       67       61      152      137 |       807
                       RFRMIN1      124       75       61       52       55       55      161      143 |       726
                                    123       60       48       68       49       49      129      133 |       659
                                    170       73       90       68       48       68      168      172 |       857
                                    269      109      109      102      116      104      349      363 |      1521
                                   1494      987      971      903      993     1203     4157     6699 |     17407

                    SUM            8525     2624     2468     2097     2187     2359     7099     9622 |     36981
                                              OBSERVATION
                                   5879     1170     1025      795      773      733     1785     1765 |     13925
                                    251       95       91       78       82       74      234      204 |      1109
                                    162       69       63       58       46       62      152      141 |       753
                  RFRMIN1_Wopt      124       62       59       43       38       41      128      127 |       622
                                     92       41       57       48       39       49      135      122 |       583
                                    158       52       59       61       62       64      174      161 |       791
                                    244      105       93      101      101       96      314      349 |      1403
                                   1615     1030     1021      913     1046     1240     4177     6753 |     17795

                    SUM            8525     2624     2468     2097     2187     2359     7099     9622 |     36981
                                              OBSERVATION
                                   5883     1111      972      741      750      713     1680     1705 |     13555
                                    221      107      102       80       75       85      200      203 |      1073
                                    166       75       63       53       57       57      171      132 |       774
            RFRMIN1_Wopt_Moist      117       56       45       43       49       48      128      119 |       605
                                    108       53       66       52       30       45      118      120 |       592
                                    158       57       72       64       59       55      163      155 |       783
                                    249      127      122      112      109      100      327      355 |      1501
                                   1623     1038     1026      952     1058     1256     4312     6833 |     18098

                    SUM            8525     2624     2468     2097     2187     2359     7099     9622 |     36981

