 <pre>

 Contingency table for Cloud base (m)
 Selection: ALL    144 stations
Period: 20180601-20180614
Used {00} + 01 02 ... 24
 Limits    70.0000000       150.000000       300.000000       600.000000       1000.00000       1500.00000       2500.00000       5000.00000    
 Each class is data <= limit, the very last > last limit
 Total number of values       34801
                                                       OBSERVATION
                                    817      269       89       72       25       47       61       85       10 |      1475
                                    354      360      190       94       31       31       46       34        7 |      1147
                                    309      579      853      395       80       71       65       37        3 |      2392
                                    247      433     1289     1937      496      265      125       69        9 |      4870
                       RFRMIN1      144      182      359     1495     1600      722      234      152       36 |      4924
                                    119      102      177      546     1175     1730      353      162       66 |      4430
                                     85       96      118      271      281      679      478      105       57 |      2170
                                     57       59       66      138      125      166      278      334       25 |      1248
                                    527      403      796     1952     1933     2418     1352     1591     1173 |     12145

                    SUM            2659     2483     3937     6900     5746     6129     2992     2569     1386 |     34801
                                                       OBSERVATION
                                    780      267       90       69       23       51       70       83       16 |      1449
                                    389      355      187       97       30       39       39       21        6 |      1163
                                    325      606      873      434       79      101       68       48        7 |      2541
                                    263      439     1326     2041      537      254      136       86        9 |      5091
                  RFRMIN1_Wopt      156      165      356     1498     1690      760      242      146       41 |      5054
                                    112       96      142      498     1098     1668      350      158       74 |      4196
                                     92       86      112      249      253      597      431      109       46 |      1975
                                     41       71       71      128      123      168      262      302       26 |      1192
                                    501      398      780     1886     1913     2491     1394     1616     1161 |     12140

                    SUM            2659     2483     3937     6900     5746     6129     2992     2569     1386 |     34801
                                                       OBSERVATION
                                    832      278       93       73       30       44       61       90       10 |      1511
                                    389      354      185       99       29       40       38       27        8 |      1169
                                    294      624      893      416       92       85       69       40        8 |      2521
                                    243      413     1261     2039      552      284      148       75        9 |      5024
            RFRMIN1_Wopt_Moist      169      180      365     1524     1693      782      253      184       45 |      5195
                                    132      106      157      495     1138     1793      348      174       72 |      4415
                                     85       96      128      243      268      635      451      108       47 |      2061
                                     38       60       62      128      126      138      260      309       23 |      1144
                                    477      372      793     1883     1818     2328     1364     1562     1164 |     11761

                    SUM            2659     2483     3937     6900     5746     6129     2992     2569     1386 |     34801

