 <pre>

 Contingency table for Cloud base (m)
 Selection: Ireland     27 stations
Period: 20180601-20180614
Used {00} + 01 02 ... 24
 Limits    70.0000000       150.000000       300.000000       600.000000       1000.00000       1500.00000       2500.00000       5000.00000    
 Each class is data <= limit, the very last > last limit
 Total number of values        6934
                                                       OBSERVATION
                                    153       48       19        8        2        9       17       11        0 |       267
                                     48       47       29       12        1        3       11        5        1 |       157
                                     65       70      101       62       12        8       26       14        0 |       358
                                     58       52      160      223       89       41       21       12        0 |       656
                       RFRMIN1       33       54       91      335      453      206       41       45        9 |      1267
                                     42       27       75      223      455      448       70       42       18 |      1400
                                     25       26       15       80       99      108       71       27        8 |       459
                                     20       14        8       34       21       21       48       85       11 |       262
                                    117       84       80      238      418      475      235      278      183 |      2108

                    SUM             561      422      578     1215     1550     1319      540      519      230 |      6934
                                                       OBSERVATION
                                    134       50       21        6        2       15       15        6        0 |       249
                                     48       44       39       15        2        1       13        2        0 |       164
                                     54       70      107       62       15       17       22       17        0 |       364
                                     61       62      153      234      104       42       30       19        0 |       705
                  RFRMIN1_Wopt       38       43       93      345      481      209       48       40        9 |      1306
                                     53       27       59      216      420      399       56       29       17 |      1276
                                     39       23       11       65       85      102       93       30        7 |       455
                                     10       15        7       26       16       29       39       74       14 |       230
                                    124       88       88      246      425      505      224      302      183 |      2185

                    SUM             561      422      578     1215     1550     1319      540      519      230 |      6934
                                                       OBSERVATION
                                    155       59       24       14        4       12       15       13        0 |       296
                                     56       45       26       10        2        3       19        2        1 |       164
                                     50       72      112       63        8        8       21       16        1 |       351
                                     58       45      148      258      102       62       26       17        0 |       716
            RFRMIN1_Wopt_Moist       43       62       95      347      500      221       51       39        8 |      1366
                                     61       30       61      207      436      438       59       40       24 |      1356
                                     29       25       14       58       76      108       70       34       12 |       426
                                      9       10        4       24       26       26       45       79        8 |       231
                                    100       74       94      234      396      441      234      279      176 |      2028

                    SUM             561      422      578     1215     1550     1319      540      519      230 |      6934

