 <pre>

 Contingency table for Low clouds (octas)
 Selection: ALL    144 stations
Period: 20180601-20180614
Used {00,12} + 01 02 ... 24
 Limits    1.00000000       2.00000000       3.00000000       4.00000000       5.00000000       6.00000000       7.00000000    
 Each class is data <= limit, the very last > last limit
 Total number of values       74066
                                              OBSERVATION
                                  12056     2363     2049     1583     1546     1525     3565     3523 |     28210
                                    445      210      220      192      190      169      483      425 |      2334
                                    315      153      166      124      126      121      308      299 |      1612
                       RFRMIN1      245      128      107      108      116      108      310      257 |      1379
                                    232      111      111      113       92       97      266      259 |      1281
                                    312      131      145      124      107      136      376      329 |      1660
                                    508      239      248      198      229      209      701      706 |      3038
                                   2976     1998     1981     1819     2034     2391     8245    13108 |     34552

                    SUM           17089     5333     5027     4261     4440     4756    14254    18906 |     74066
                                              OBSERVATION
                                  11990     2398     2082     1647     1605     1519     3645     3481 |     28367
                                    447      176      180      159      153      153      424      419 |      2111
                                    309      135      120      104       98      114      297      273 |      1450
                  RFRMIN1_Wopt      236      113      109       85       83      104      257      238 |      1225
                                    189       95      125       89       72       98      265      257 |      1190
                                    288      134      113      125      135      130      375      341 |      1641
                                    490      220      193      198      207      192      639      695 |      2834
                                   3140     2062     2105     1854     2087     2446     8352    13202 |     35248

                    SUM           17089     5333     5027     4261     4440     4756    14254    18906 |     74066
                                              OBSERVATION
                                  11842     2265     1988     1513     1507     1465     3442     3389 |     27411
                                    460      213      184      144      136      163      408      405 |      2113
                                    298      140      123      112      114      105      321      265 |      1478
            RFRMIN1_Wopt_Moist      224       99      103       92      100       88      252      224 |      1182
                                    214      104      125       95       79       99      254      245 |      1215
                                    296      120      151      125      119      122      339      343 |      1615
                                    523      247      230      237      221      204      675      687 |      3024
                                   3232     2145     2123     1943     2164     2510     8563    13348 |     36028

                    SUM           17089     5333     5027     4261     4440     4756    14254    18906 |     74066

