 <pre>

 Contingency table for Cloud base (m)
 Selection: ALL    144 stations
Period: 20180601-20180614
Used {12} + 01 02 ... 24
 Limits    70.0000000       150.000000       300.000000       600.000000       1000.00000       1500.00000       2500.00000       5000.00000    
 Each class is data <= limit, the very last > last limit
 Total number of values       34688
                                                       OBSERVATION
                                    600      244      121       62       24       41       67      120        8 |      1287
                                    345      353      193       88       36       56       37       31        9 |      1148
                                    255      538      814      381       90       65       63       38        4 |      2248
                                    186      410     1185     1981      509      251      103       55       13 |      4693
                       RFRMIN1      137      173      358     1490     1637      772      231      113       34 |      4945
                                     86       84      156      548     1130     1787      372      148       48 |      4359
                                     56       84      108      279      277      683      405      116       34 |      2042
                                     38       67       69      163      151      192      284      352       35 |      1351
                                    426      381      824     1996     2060     2679     1389     1580     1280 |     12615

                    SUM            2129     2334     3828     6988     5914     6526     2951     2553     1465 |     34688
                                                       OBSERVATION
                                    602      279      116       69       26       40       61      122       12 |      1327
                                    324      344      188       86       22       58       46       33       10 |      1111
                                    256      547      844      412       93       74       68       45        9 |      2348
                                    195      413     1204     2042      525      287      120       68       10 |      4864
                  RFRMIN1_Wopt      134      171      362     1519     1699      801      217      123       37 |      5063
                                     87      105      156      512     1118     1818      363      163       62 |      4384
                                     60       68      104      265      260      633      392      101       21 |      1904
                                     30       63       58      155      137      176      282      339       25 |      1265
                                    441      344      796     1928     2034     2639     1402     1559     1279 |     12422

                    SUM            2129     2334     3828     6988     5914     6526     2951     2553     1465 |     34688
                                                       OBSERVATION
                                    608      262      121       60       23       49       64      123       13 |      1323
                                    332      357      174       91       28       48       35       34        6 |      1105
                                    239      562      856      394       87       92       65       37        6 |      2338
                                    206      388     1196     2078      533      263      138       63       16 |      4881
            RFRMIN1_Wopt_Moist      140      166      366     1531     1825      910      248      157       36 |      5379
                                     79       93      166      526     1156     1956      366      153       70 |      4565
                                     53       84       89      266      272      592      446      109       34 |      1945
                                     41       56       60      146      135      172      278      333       29 |      1250
                                    431      366      800     1896     1855     2444     1311     1544     1255 |     11902

                    SUM            2129     2334     3828     6988     5914     6526     2951     2553     1465 |     34688

