 <pre>

 Contingency table for Rh2m (%)
 Selection: ALL    160 stations
Period: 20180601-20180614
Used {00,12} + 01 02 ... 24
 Limits    30.0000000       50.0000000       65.0000000       75.0000000       85.0000000       95.0000000       100.000000    
 Each class is data <= limit, the very last > last limit
 Total number of values      103962
                                              OBSERVATION
                                      0        0        0        0        0        0        0        0 |         0
                                      4      584      380       52       10        1        0        0 |      1031
                                      0     1411     6099     2975      712       80        0        0 |     11277
                       RFRMIN1        0      199     4433     8602     5795     1238       67        0 |     20334
                                      0       27     1061     4982    11864     7876      910        0 |     26720
                                      0        5      213     1125     6172    16631     6579        0 |     30725
                                      0        1       18       88      587     4422     7932        0 |     13048
                                      0        0        0        0        1       63      763        0 |       827

                    SUM               4     2227    12204    17824    25141    30311    16251        0 |    103962
                                              OBSERVATION
                                      0        0        1        0        0        0        0        0 |         1
                                      4      393      317       46       12        1        0        0 |       773
                                      0     1553     5517     2636      645       65        1        0 |     10417
                  RFRMIN1_Wopt        0      247     4857     8419     5480     1143       76        0 |     20222
                                      0       29     1241     5342    11972     7771      866        0 |     27221
                                      0        5      255     1284     6403    16732     6561        0 |     31240
                                      0        0       16       97      626     4526     7930        0 |     13195
                                      0        0        0        0        3       73      817        0 |       893

                    SUM               4     2227    12204    17824    25141    30311    16251        0 |    103962
                                              OBSERVATION
                                      0        0        1        0        0        0        0        0 |         1
                                      4      486      337       58        9        0        0        0 |       894
                                      0     1514     5860     2893      731       86        1        0 |     11085
            RFRMIN1_Wopt_Moist        0      197     4641     8504     5678     1221       78        0 |     20319
                                      0       30     1129     5107    11823     7819      896        0 |     26804
                                      0        0      219     1185     6281    16590     6508        0 |     30783
                                      0        0       17       75      615     4506     7959        0 |     13172
                                      0        0        0        2        4       89      809        0 |       904

                    SUM               4     2227    12204    17824    25141    30311    16251        0 |    103962

