 <pre>

 Contingency table for Low clouds (octas)
 Selection: Ireland     27 stations
Period: 20180601-20180614
Used {00,12} + 01 02 ... 24
 Limits    1.00000000       2.00000000       3.00000000       4.00000000       5.00000000       6.00000000       7.00000000    
 Each class is data <= limit, the very last > last limit
 Total number of values       14899
                                              OBSERVATION
                                   2129      312      346      263      288      237      770      472 |      4817
                                    103       25       43       32       43       37      145       83 |       511
                                     58       18       26       21       29       17       96       62 |       327
                       RFRMIN1       49       14       18       20       30       19       74       65 |       289
                                     58       16       23       15       25       16       89       39 |       281
                                     61       19       38       16       26       25      107       58 |       350
                                    111       34       64       37       49       40      213      134 |       682
                                    733      315      420      340      467      465     2612     2290 |      7642

                    SUM            3302      753      978      744      957      856     4106     3203 |     14899
                                              OBSERVATION
                                   2138      310      361      248      320      249      852      523 |      5001
                                    111       27       46       36       25       23      116       79 |       463
                                     71       15       25       18       19       19       90       51 |       308
                  RFRMIN1_Wopt       50       13       27       12       17       21       74       50 |       264
                                     35       13       28       21       15       16       59       49 |       236
                                     50       24       21       21       33       19       92       78 |       338
                                    100       31       37       46       55       28      202      136 |       635
                                    747      320      433      342      473      481     2621     2237 |      7654

                    SUM            3302      753      978      744      957      856     4106     3203 |     14899
                                              OBSERVATION
                                   2081      292      341      222      305      234      760      487 |      4722
                                    103       24       35       23       29       31       98       76 |       419
                                     73       13       17       13       23       12       97       42 |       290
            RFRMIN1_Wopt_Moist       51       12       15       18       18       14       67       40 |       235
                                     48        8       27       18       14       14       58       41 |       228
                                     64       17       34       20       25       19      101       62 |       342
                                    122       49       47       52       45       37      201      145 |       698
                                    760      338      462      378      498      495     2724     2310 |      7965

                    SUM            3302      753      978      744      957      856     4106     3203 |     14899

