 <pre>

 Contingency table for Cloud base (m)
 Selection: Ireland     27 stations
Period: 20180601-20180614
Used {12} + 01 02 ... 24
 Limits    70.0000000       150.000000       300.000000       600.000000       1000.00000       1500.00000       2500.00000       5000.00000    
 Each class is data <= limit, the very last > last limit
 Total number of values        6965
                                                       OBSERVATION
                                    147       46       27        7        1        4       12       12        0 |       256
                                     59       48       25       14        2        3        5        1        2 |       159
                                     38       57       94       59       13        4        9        3        1 |       278
                                     43       48      151      228      108       62       15       15        3 |       673
                       RFRMIN1       36       64       94      354      482      195       54       39        7 |      1325
                                     40       17       55      222      412      469       58       29        7 |      1309
                                     14       22       13       66      105      111       56       38        8 |       433
                                     12        6        7       33       28       36       44       80       18 |       264
                                     90       74       91      288      467      517      250      305      186 |      2268

                    SUM             479      382      557     1271     1618     1401      503      522      232 |      6965
                                                       OBSERVATION
                                    128       40       29       11        3       12       10       16        1 |       250
                                     55       48       35        9        0        3        9        4        0 |       163
                                     53       67       99       59       10        4        7        5        3 |       307
                                     47       65      145      248      108       69       19       23        2 |       726
                  RFRMIN1_Wopt       34       51       91      360      472      189       41       35        7 |      1280
                                     34       15       53      208      435      458       77       26       11 |      1317
                                     28       14       10       73       89      110       65       29        4 |       422
                                      6       10       10       34       33       32       51       90       10 |       276
                                     94       72       85      269      468      524      224      294      194 |      2224

                    SUM             479      382      557     1271     1618     1401      503      522      232 |      6965
                                                       OBSERVATION
                                    137       49       24        6        2        7       16       17        1 |       259
                                     50       51       18       17        4        6        4        1        0 |       151
                                     42       56      111       72       12        8       13        7        1 |       322
                                     53       55      151      253      109       64       17       23        5 |       730
            RFRMIN1_Wopt_Moist       46       54      101      365      526      240       50       40        6 |      1428
                                     36       17       52      194      420      474       76       42       14 |      1325
                                     22       21        6       66       97      109       70       33        8 |       432
                                      8        7        7       30       24       35       43       66       10 |       230
                                     85       72       87      268      424      458      214      293      187 |      2088

                    SUM             479      382      557     1271     1618     1401      503      522      232 |      6965

