 <pre>

 Contingency table for Cloud base (m)
 Selection: ALL    144 stations
Period: 20180601-20180614
Used {00,12} + 01 02 ... 24
 Limits    70.0000000       150.000000       300.000000       600.000000       1000.00000       1500.00000       2500.00000       5000.00000    
 Each class is data <= limit, the very last > last limit
 Total number of values       69489
                                                       OBSERVATION
                                   1417      513      210      134       49       88      128      205       18 |      2762
                                    699      713      383      182       67       87       83       65       16 |      2295
                                    564     1117     1667      776      170      136      128       75        7 |      4640
                                    433      843     2474     3918     1005      516      228      124       22 |      9563
                       RFRMIN1      281      355      717     2985     3237     1494      465      265       70 |      9869
                                    205      186      333     1094     2305     3517      725      310      114 |      8789
                                    141      180      226      550      558     1362      883      221       91 |      4212
                                     95      126      135      301      276      358      562      686       60 |      2599
                                    953      784     1620     3948     3993     5097     2741     3171     2453 |     24760

                    SUM            4788     4817     7765    13888    11660    12655     5943     5122     2851 |     69489
                                                       OBSERVATION
                                   1382      546      206      138       49       91      131      205       28 |      2776
                                    713      699      375      183       52       97       85       54       16 |      2274
                                    581     1153     1717      846      172      175      136       93       16 |      4889
                                    458      852     2530     4083     1062      541      256      154       19 |      9955
                  RFRMIN1_Wopt      290      336      718     3017     3389     1561      459      269       78 |     10117
                                    199      201      298     1010     2216     3486      713      321      136 |      8580
                                    152      154      216      514      513     1230      823      210       67 |      3879
                                     71      134      129      283      260      344      544      641       51 |      2457
                                    942      742     1576     3814     3947     5130     2796     3175     2440 |     24562

                    SUM            4788     4817     7765    13888    11660    12655     5943     5122     2851 |     69489
                                                       OBSERVATION
                                   1440      540      214      133       53       93      125      213       23 |      2834
                                    721      711      359      190       57       88       73       61       14 |      2274
                                    533     1186     1749      810      179      177      134       77       14 |      4859
                                    449      801     2457     4117     1085      547      286      138       25 |      9905
            RFRMIN1_Wopt_Moist      309      346      731     3055     3518     1692      501      341       81 |     10574
                                    211      199      323     1021     2294     3749      714      327      142 |      8980
                                    138      180      217      509      540     1227      897      217       81 |      4006
                                     79      116      122      274      261      310      538      642       52 |      2394
                                    908      738     1593     3779     3673     4772     2675     3106     2419 |     23663

                    SUM            4788     4817     7765    13888    11660    12655     5943     5122     2851 |     69489

